15605817332
15306515805
18258243490
15757175006
15068754731
15558130296
15988440665
17621038863
18175106566
18678202720
15307282138
13780309695
15610450945
13032605241
13986775116
13856756748
15524191372
13217173121
13231183397
13126190517
15131141265
13630812636
18259353256
13191708961
13843236625
15602854231
13011598556
13635154098
13886724065
13886805698
17331416379
15233645208
13247269523
13703215484
13131102998
13839569492
18062265805
13636253277
13135897808
17688547687
13582816637
13135728823
15045351733
13931342715
18871939184
13785331579
15071771123
13995680623
18855519996
13180388785
13969316033
13664447810
13995830193
13596039697
15990627947
15103179297
15522305569
13477185415
13954330323
15512113023
15648687903
15512158331
15072222305
13832144387
13839554549
18972171267
13886386295
15133128125
18731112159
13566353126
13561535915
15549514592
13872820231
13920241993
13851280233
13297286496
15028140398
18871958880
18671919095
13836296705
13131141622
13994899717
15972691521
13833112068
15011488735
13593563057
13593759741
13697275636
13920086363
13940070900
17786121173
13069971088
15997191658
13686301661
13784305370
15054212972
13872579267
13101973073
13653313153
13643794447
13972278209
18902152876
18992182611
17729619682
13858237037
13145081992
13273431453
13636208712
15803313199
13069976017
15563191578
15563484487
18631122363
13477443044
15524321933
15997609658
18932900226
18332119298
15831990664
18522366235
18833150648
15354372569
15871119166
18946337288
13804588086
13034512002
13113038982
15897559595
13332053383
13955458750
17665635232
17331890768
18845707353
18135621839
13313348364
17627881129
17734583413
15131427951
15071625402
13807287623
18827571786
18931194068
15853120558
15081132918
13233107017
13610102348
13477969515
15961981958
13235666520
18501153937
13731192672
15027172126
13754755469
13754421726
13583096166
17725372934
13986869715
13785149585
15022013143
13820778229
18327887778
13463258467
18822629601
15031184065
15071499016
13307278562
14730665045
15564054717
13329852892
15872731278
13674283693
15031490819
13513216945
13820171826
13986910869
13069996049
13963078076
15171404116
18272075799
18104517917
13466969008
18671728781
13573510651
13522316559
18914950919
17725376688
18647845190
13595601923
13333382703
13021807669
15866250155
15262627290
15512126729
18086378055
15128134187
13235660174
13702096215
13844668844
18672821558
13156315105
15022587051
13034610537
13736609166
13379633383
13636183708
13871680918
13756206677
18671663588
18037869988
13144191934
18331256888
13664807676
18071902001
15072333108
13342241393
18639611988
15632735995
18920132367
15290381253
15151533951
15076306328
13932199889
13329851592
15661530641
15207897977
15900289272
15238197249
13933809621
13514603402
18132008443
18931875671
13986385366
13972058579
15327003424
13362499087
18674173625
18772882900
13314261391
18186281133
15334058809
15171873813
13473363998
19986691111
15071517677
13799680751
13593623341
18302202169
17718177829
13396394696
13351118789
13593977454
15394793479
15513807368
13609171029
15227680939
18671757626
13872819067
15872670043
15602036237
13757482855
15669798185
15846066069
15946491457
15129969598
18671792866
15586908542
13339809666
13419048161
18707207062
13805880512
18807266063
18500751406
15185969197
15566117555
18562864330
15731606596
13971913860
13363870883
15586939443
13886735400
13625319444
13513315494
13019330981
15106803451
13844701498
18246012431
13778541859
15827943602
15671030693
13803213596
13995045248
15925634323
15807204023
13898621343
18972445005
13886965494
13673210863
15831119076
13503217328
13469861888
13477120040
13094119344
13636159324
13120415211
15727273267
17771015758
13653386801
13836154433
18272429566
13477154469
15171762852
13235608130
13469860903
13597885509
13487283797
18673603503
13801581728
13555839490
15926171024
15020116593
13972257516
18903104679
13695039100
18727110210
17869461051
13871608555
13904706608
15971861774
18071790566
18727069196
18771574141
15031130824
13811346351
13995535670
13032016326
13986342187
18746626872
15142475987
13597896084
15872391929
15248786148
15871125584
18676423756
13130855233
13776498585
13247142686
18863586055
18992568711
15171073230
17333680420
13872577811
18919000626
13972223192
13393119859
13393211718
18007206160
18571040612
15011888761
18179222775
15071765881
13463414433
13507613777
15033012358
15511547587
13501307530
13581494855
13848662540
13986020483
13545774418
13863180827
15972691335
13702508996
13796332725
15104634433
18162764586
13212137887
15229654501
15245933746
13292812691
18872530658
17704882350
15160918256
18202427398
13633487706
18290991799
19871366934
18186421901
15872541315
13838008547
13604902412
13521192671
18618263718
18672329621
15335887440
15971660161
13724337358
15971672911
15064443764
13872484443
18271827425
13563910698
13236905098
13297288887
13501391040
13477125183
17771256826
15972702688
15086277219
15071827951
13697288589
13699101198
15571419330
13332038110
18704823234
15904629551
17792217086
15377258199
15848101634
13647113219
13681509780
15872280485
13988096231
17334331440
13520907220
13277409092
17364441367
13589586154
13911785846
18745675423
15952241913
15834028937
13339786288
18663768228
15257458210
13739868649
13972787859
15046009472
13455560353
18956752899
13706356694
19972991314
13933165277
15872470897
13841931476
13931158819
17733054134
13832416094
13520176347
13871873306
18651970866
18988585738
13539340462
13477186566
13954586189
18630232825
13716632254
15953890151
18243173063
15827803757
13807960470
15192750493
18912952021
18071358658
13545831700
13181895029
13618699111
17771282790
13797716926
17713300044
18903214562
13848400699
13332050952
17718670997
18707284586
18302202169
14704073606
13656857895
17604608061
13972538617
13635709367
15038725365
13403316216
15613206170
18772800384
13157071929
13988505605
15146321436
15965307366
15550282899
18198153060
18672900488
18919601456
18963970724
13797566206
18265420691
15840013308
13094139544
18938222130
13604724958
15549106828
18972130189
13450830203
19371378672
13837750641
18827548560
15997756555
15926770207
15827030831
18772313932
13872433162
13292821732
18646147696
15235423868
18833130867
15128162186
13972542470
13476958707
15027265798
15272220203
18522536413
15007206949
15019667775
13372041667
15845569080
15734814931
15220445095
13310576096
13935363417
15263673521
16636113135
19970897119
13848672702
13081126751
18249513211
13593754599
13886345926
13739776349
13042787128
13100113910
15257410579
15553752808
15507124216
18671770912
13597878675
15019557376
15550721266
13887294711
15374534168
15831982844
13780972648
13420741180
13111576687
13100847118
17734293945
15997529021
15810638258
18202695563
15776827644
13573525703
15897520704
15844362359
18378923989
18833179031
18672720136
13987207220
18972421985
15872520051
13843496180
13400066995
18886306492
13712959991
13617190979
18649197368
19930562780
18920816631
18086371291
13582616725
18771762808
13390791288
18999869626
15926002240
15871630628
18613543541
15803152886
18945152666
15871653386
15571797166
13863934735
13473604331
13796128613
15093464266
15248232965
15871082005
13731212864
18371960055
15862959909
15825781726
13963521938
18145967679
18842584180
13863293913
13252807089
15022129306
13483244035
13561535789
13843290957
13393235036
18631167307
18640181988
15661967124
13986344150
13472929587
15904619964
18132064392
13886813158
13999283517
13035312843
15533907223
13821877971
13667162770
13836254287
13695197213
18956164326
18522056852
13754095339
13931846776
17720360687
13540856814
18144721966
13150327736
13521245647
15261420850
13915563831
13621586626
13871808470
13948478458
13669097477
13131115189
18772926662
13851827200
13463292000
15129887193
18566222938
13797592385
18538950101
13339856231
13908682746
13098415423
13872657013
13871600640
13814128789
13333011957
13997746135
13102992278
18064244550
13739743217
15327614435
15272127679
17805016092
18372600850
13207616748
13820350246
13797654655
15703271189
13380834318
18099173579
15337217937
15822765396
13832308591
15106479066
18627187212
18226782931
13135885036
15971115260
15334062757
15308670792
15822501737
13593749605
15238143289
13582199234
13014379981
15615878149
18371032032
18711372385
18031006976
15524953089
13831186606
18632178509
13784032970
13658065192
15872262905
15105101887
13309925608
13005761227
13207261006
13910217219
15391598595
15971780596
18047163216
13912992215
13754090799
18627706889
18678910179
13577240668
13864466302
15327890123
15604283555
18730232675
13595640208
15620208667
18272919482
15027062729
18671789026
15171827285
18386023361
15235998128
13654681543
15872737841
13197286323
15368583158
15571727249
13619948707
13576043680
13932179639
13555860338
13898559722
13223467895
13324446133
15549817166
13331063190
17731380258
13767514318
13288933606
18545132953
13045199863
13233055212
13504676000
15831148131
15549303450
13223401163
15084180528
13933146049
13796281977
15640365250
18671667837
13945366409
13320022181
18932932816
13131561016
17733295413
15571788040
13081011555
13945036758
13840131873
13520727680
18240149723
13601379058
19949331339
13920972505
15204829456
13601580589
15904505751
15972585678
17771233829
17030510485
18631638137
13840095329
13363638059
18696217669
13390246371
13796833220
15176123488
13933839208
15549867848
15046886274
15135381401
18086327852
13857291180
15171388029
13144627257
15172664532
15636114656
15561571211
15840056386
18249449353
17310333982
15033118452
13847161817
13256972195
15254348336
13581317619
15246609123
15532101812
13912923660
15938833671
15176964393
19949331344
13297281256
13605108226
13945919291
13831758946
18604665557
13712434901
13864412661
15926980450
13604005437
15630073356
13910341355
15549399073
15246739995
18611879288
13803082118
15832119542
13894258376
13555801163
15933625009
13972478974
15940201392
13487250886
13581835501
13635723395
18763108869
13986818862
13641023902
13831199098
15327615767
13358888258
15822657804
13613319144
18302213705
15902929158
15932020503
15034995828
13791788552
13463296835
13871712788
18700759540
13752200868
13544928649
15640035640
17725370433
18640537322
15947433744
13707286186
15272114168
13035360138
13998814936
13991514808
15271394831
17794320661
15926177142
18790588585
13930496033
18029250110
15081837287
15032672814
15640212036
15927736166
18132452239
15035497357
13174354888
13046054657
13907015992
15502473730
13780936560
15623266876
15060968708
18688842789
13840518782
13972373270
17343409086
18534018609
13931316829
18963909218
15998175270
13115328885
17733751257
15065301788
13933163438
15140449752
15004631138
13303040983
15944493560
13039578140
19907288300
13351595777
15640256656
13520262589
13028621947
13545497011
13995772723
13383615186
13476489003
15114556507
13705305782
16608631491
13886811485
13607583822
13936960618
18182880562
13404849789
13516004763
13840374643
13517192667
15141196486
15849925235
15172707503
15136762630
15997193549
15222786439
18104790100
18143790029
13868088837
15826689188
13451065404
13865076363
19845040319
13081047544
13686081589
13700315638
18758034617
15871123448
15850507085
18062036028
15842106441
15970652616
18812675983
15643221424
13578822792
13739632985
13972468846
19972709969
18372657829
13234676029
13971934118
15831926324
15839735198
13909823862
15104564387
13129915840
13634842209
13979884009
18746023373
13845176736
13840390866
15004806988
15604014738
18686854019
13872094348
13470216625
15620390560
13470262319
15831683305
13081109444
15587904838
15636220008
15804611655
13032743058
15668794871
13832375155
13804041696
15063594370
13920410922
17324393216
13463109555
15332057738
17745153966
13012727771
13998333792
13635723198
13573031684
15032648184
13582261579
15004002995
13002466566
13936571332
13948296860
17702760387
18703138855
15897885886
13383085696
15504526628
18605308096
13840373681
17603119987
13972093241
13920889106
15222727899
15830146039
18732995039
18345445574
13946923186
18642194073
18801221528
18522562778
18820762001
18633499668
13636261388
15122066035
13734118081
15945097542
18745207353
18631115556
13673189696
13694523509
18068212688
13223486767
15831122003
13784387009
13784320168
13796295938
13709839605
13315128175
13807227193
15027143829
13135711933
13738417206
13660052233
15122390826
13331382037
13323418557
13803610414
13607316909
13796791629
18622785179
13199665662
15303977050
18502616935
18653783951
15841308346
13073981168
15801270196
15897585069
13001805761
15335718058
18846907708
13514608394
15511663852
13903738788
13785167065
13833388898
15607282598
15511662070
15733643368
18603285082
15076109379
18772213592
15931189066
13266906577
13566625804
15997301328
15842162333
15065292336
15997599288
13319449910
18522375932
13933153262
18690621385
13995759640
18603110772
13932623099
15344523515
13703513011
15257023036
13840363413
15383831312
13258511986
13317168549
13562156395
18772862218
15834122971
19986540385
15387131607
13312080025
15154009126
13933182581
15620370348
15133199161
17863120796
13353738159
16622181323
13780213811
15164677811
13986955243
13451016818
13697387737
15272107077
15034016744
15041366957
15332813310
13931187316
13730082252
13555800961
13770555228
15171824109
13636194359
13630829663
18064067663
13886720538
15524223546
13833194623
13335078981
18986880567
13521191099
15971058337
18131239236
15587450080
13014380877
13693737242
13134916178
16632090048
13238806872
13512276645
15571685946
13191886920
18763108730
15347154905
13933858665
13718131650
18133808065
17743452396
15971002772
18503255200
15629985345
18547758786
13712495875
13930409857
13832352628
13935368206
15145242716
15366973203
18772771715
18733829412
17688268629
13305175330
15172626084
15004017425
13977094637
18008604046
13343035933
13359753231
15633269332
17334465858
13614804000
13733550804
18946237782
15032840199
18603216272
18502653603
13932076573
13661186824
15160378063
13945210508
13912545812
15726107663
15849960931
15171310350
13832747748
18372673837
13707182856
15369066889
15615817096
15922194723
13331384519
13476474943
13636536096
13318736423
13174888337
18627153397
18222603664
15137725861
13691103655
15098722665
13293907483
13933143574
18071361113
13610823858
13585301295
13103313808
13931983755
13487215665
13669002527
13235666110
17715231169
15672049472
15106823482
18705103955
18986868722
13972212963
13932752061
13941816195
13835497282
13681069344
15128120682
13560747588
15871667495
13834640194
13177021441
13626430388
15895835605
13140638376
13986749248
13407637493
15997689424
15801383984
15151101665
17731137760
13831121740
13238818611
13921872997
15826900580
17602676873
13770757361
18986786671
13730129628
18617086494
18240347437
13382011236
18841318229
13610815496
13387240999
18272311366
18684750588
18844336683
13473881808
13001895808
15822381581
18372661376
13820867734
13942376898
15904027969
18698422348
13273143743
13165543191
13463865518
13845631718
13013232608
13853929413
13304308346
13508478848
13235689786
15571905318
17362729255
15002212167
13113033595
19933141785
15145260884
13886964545
17798152207
13509723982
18267041865
19907381363
17852223956
15241822215
18671967020
18032099489
13886206136
13131160609
13207267158
13804700729
13478330737
15003197539
13315122381
15531159383
17732315341
15090888969
18651722510
13111528551
15524155496
13577858597
13278069990
17743691773
15707212350
13792708262
13796887421
13296550196
15392978432
18963938191
13561555524
13545992367
13601109075
17739566667
15971856857
13555576476
13617105836
18932655912
15640589812
18064131512
13593750842
13469826661
15502298040
13045494786
13345222599
13116080766
13602141197
15840069943
13908666390
13636211241
18086373353
18772061989
13851418332
13272065141
15688197568
18132280191
15071856713
18698335099
13904621845
13722885708
13756492120
13997718152
17731183322
13600297028
13909816837
18804606111
13596410135
15694899281
15399364933
19841313391
18603517418
17807190001
15330754266
15620708858
13002491662
18086479176
13820223057
13304822342
13995701829
15103592688
13933865009
13487180399
13089036555
13613117680
13731581916
13997950627
18830191135
18991295369
18371053979
13782108819
15302120535
15172265721
18855238232
13995513672
15830151300
13752428457
13997680227
15623049629
13842085070
15122367202
13141404535
18937354313
15571993718
18745291636
18607113144
17782618777
13809491285
18807281690
13461822627
13687119856
13796268112
18602667067
13605309233
13686311591
13930105903
13031868767
19971920909
13858599631
15572925363
15076401074
13177072183
13998155305
18615334397
13766555224
15652132431
15733367421
13555798569
13094287887
17526606527
13391782317
15271070833
18941102359
13667179945
13635705117
15985100624
13932116028
18972267586
13643307240
18972212582
15926160178
18931193913
15901567195
13707129542
13904808114
13307127420
13515643971
17305372459
18272032107
13704595003
13872802643
18745238778
13477497054
18972455996
15343211313
15383011796
13031952372
13846280606
13851831449
15303215657
13685421268
13863096792
13341110202
13954351719
13933112752
15997500218
17602223524
18913938591
15645220806
13464884498
13926130525
13227256950
13797364681
13844956127
15935151017
18626745195
19834773529
18698101225
13872841080
15832382975
13102876052
18671708478
18727909806
13535744898
15524163497
13277108690
15090799058
13972602157
13079999398
13124558357
18912966403
15997647616
15198362459
17640532807
13876052837
13523774715
13104343079
18937361863
13886667621
15040207468
13563702779
18611584555
18995875734
13807280809
18253288680
13297181327
18171292871
15823731188
18671795717
13133523169
18610209060
15909829126
15940076921
18760200869
13939003863
15872488238
16603203050
13352056310
15072200429
13674812208
13931363736
13329303659
17703312240
15997658766
13477713260
15846303277
15858725908
15088300286
18062397521
15871587771
13782926004
15545432939
13869302560
13997727116
15571010587
15945203697
17626650668
15214271318
15318867162
13839611717
13013232138
13483912322
15634013313
13343135457
13326737517
13371246788
13930536736
18986764306
15897853861
15071529602
13702423074
15931196376
15232556837
13933140598
15232171728
13419585770
13411247032
13593772900
18731109993
13809751580
13997726100
15072228807
13562762937
13111458486
18672167677
13933080434
17777319268
13181055966
15897872162
15632734305
15048085668
13872663382
13843338858
18571428768
18772821059
13513144929
13997802121
13722999108
15888598602
18180361230
15931176548
13707366305
15827601618
18526765313
15399212588
15858453875
13793894671
13501366148
18905533709
13555808952
13582117244
13606491752
18074227828
13831901753
13797664727
15110494163
13733594844
13668818084
15549752478
15933473696
15572494548
15034860300
15546105618
13863142032
15547991283
13015100041
13012967100
13554568429
13851931186
13872790046
18298955458
15272280697
13463646394
13909833841
13528763758
18771783278
13159858771
18671445959
15827813593
18796967682
13694652666
13797724821
18607158599
18806580239
18943198867
15271846451
18603281413
15090921146
13871897128
13820214753
15872692049
18333467889
13095109533
17282306022
13036163638
13930414480
18131329202
13230448779
15015448203
18745282171
13913988929
15633031784
13661281605
15063716933
13821143631
18632789772
15810755916
18769662709
15872301888
15056175811
19922586283
13177067356
13936599795
13693163419
15046086341
15511333636
18849102625
15550244727
13953087432
15127589638
15930423536
17733290306
18945092128
13815676059
13886659455
18086051043
15131594169
15962466071
15275929628
15640577132
15640577170
15331946333
13766563072
13836112097
13871758768
15872334577
13522938963
18711639938
15972598243
13582034315
18633325726
18605347873
15127499893
18805199345
13515066138
13678836151
13791261382
13770883357
18932900851
15918352413
13754698480
13951941394
17743796111
13986794739
15154220675
13807207663
13207147818
13797192177
18008606718
13763510466
15872289965
13217190457
15853803737
13764716606
13872603193
15843480860
13983583926
18913929103
13872685446
17398255019
15098080227
13603391998
13613213861
13363687159
13946290278
13780005890
13343563613
13636147216
13719413494
15227324825
15265381848
18371732436
18271371979
15930424788
13597782584
13946226518
18671934647
15146466366
13995587209
15306490602
15926431998
13853459988
15032180576
13972080513
15207299022
13789846599
15275302489
18872816296
18271262799
13630839551
13469839896
13722998977
15230155532
13854090290
18691719216
15871590792
13704345827
15942314685
13780217009
15133627970
13886200939
15090891269
13643249013
13132504596
13273414991
13932185988
18007200177
15144363902
13473398556
13997819250
15872450204
18972557266
13936471763
13333112206
15245779386
13833458910
13946253379
15971084287
13797491717
13126159938
15146430449
15843179968
13582135674
15046467222
13994944477
13634512258
18205476299
17798001795
15945251126
13971871139
17805156590
13946272023
15015812136
13803432720
13797846896
18627639517
13534325244
13633510560
13329514932
13311359264
15114878782
18972524020
18845129228
13546147607
15142825889
15933820113
13597891837
13469860566
13387251679
15632699444
13601454931
18062179315
13797596987
18923253234
17852223806
13886287187
13028657666
15071812355
13473895877
15172916860
18727188789
18853489647
15946483326
13821520377
13831661652
15249504555
13582828529
19164216370
18033619928
15032856684
13784330938
13932218021
15918004506
13294227798
13222378298
13614898584
13653261535
18807285368
13507166437
13931244049
13312174389
15566155183
15839981326
18731107538
15532171217
13505681451
15615217275
15172275691
13927260613
19919943344
18661534413
13230772220
18934357873
13476337599
15571739280
13294218956
13682142834
15872290198
13144526889
13886664378
13694783949
15894813846
17731241029
13274826182
13561361089
15071786481
18526190836
13792244187
18696349837
17710281113
18507131751
13473727612
13785154829
13581028601
13657171225
15951642735
13986847538
15517368980
18105300588
13733535254
13936159688
13297156191
17736939617
15320000667
13907283921
18395817510
13886736599
15754394813
18808937789
13940077442
15172309766
15271417282
13872833835
18531076573
13789967391
15727179909
18240270860
15686412566
13932287955
13707284200
13465019775
17731126376
13641490693
15075198780
15998355916
18245614134
13797768471
13623312777
18531144226
13397193175
15334182768
13597866391
18163197688
13040984752
15997222626
15134625966
13104616263
18251821195
13534988040
13945709370
13840486749
13487138732
13731157869
17622571967
15110506548
15022329252
15081588383
17707219020
13886221113
13057686189
13931119803
15671494786
13836220866
13315193916
18533154626
18536813573
13770226715
18749122285
15587705008
18371958556
15927067073
18674197459
13426003646
13752471757
15840062061
15897838721
15871855587
13662000323
18502218051
13940048088
13864497859
15972206558
13477831291
18607209967
13820460719
15090968697
15190377981
13886809788
18952898338
15365000521
13913939565
13238391555
13886655845
13831172367
18567191039
18727437112
18056001819
15924369544
15227801799
18012953775
18986848917
15076144933
15620378696
13969365109
15840167237
15522607311
18062141205
13273159376
15333278755
13177458876
18804309872
15897531971
18027208639
17702967616
13365526586
15172333391
13486688788
15845733103
13831888499
15206149885
13931433424
15027711471
18835751262
13457078998
15842361933
18502276423
13336292455
13898638272
13082391396
13287812559
18210669310
13012148993
13774157588
18266431932
18222780667
13898802556
13986840424
13997658237
18353001827
15997263639
15553361123
15849361305
13932252413
13836009503
15100278671
13555092266
13647101830
15176192358
18879724023
15090900410
13317209562
13455454622
13840223478
13266918107
15172575221
13131195283
13227255278
15872219413
17764188628
13886676452
15128136872
13844285533
15954918382
13887255881
13821845456
13636217338
18663117895
13841066527
15972557508
13333505291
13315451578
15342469592
15511493268
13940515559
13500909845
13630639561
13667202340
15271171771
13605176111
18346072288
13620184262
15571170163
18623026562
13682195188
13310578160
13884680030
13382142132
15570612798
13273171958
13012298621
13886724135
15872484909
15997158808
13267338686
15369823777
15674131687
15135096815
13365309602
15531150587
18627010079
13597897709
15972585190
18733707828
18871937803
18606311992
15632100387
15022492648
18545077177
15879280815
15972018676
17733848837
15203113426
18553701817
15897848999
18086226667
18722005058
13972216572
18932900023
13536664508
13593827712
15031101838
13831189003
13921758001
13306690731
15872300596
18348625760
15272783883
13832127058
15053342208
18888359256
15222517416
15234041626
15088828795
18971298626
18733519599
18733509599
13421964306
13277204028
15632302445
15332000773
17771019220
13933158039
19943483169
13842302958
13012161786
15630849205
13933178401
18972219399
13032555567
13605616599
18523009175
18035440172
15807276782
13487252269
13526058280
15527996911
18607290163
13907015737
18986319519
13582015871
17707173866
15671007310
15122944462
18532168341
15631197853
18531011991
13252852589
15933952435
18696052346
18986310599
13478165966
15845675783
18395628782
13636258365
13946049455
15275720834
15927938142
13514684075
18666509902
13931163639
15075155415
15245195524
13105407527
15339946259
13451266911
13277198570
18107201600
15897525331
13931630190
15130341554
15588325855
15635107430
13933155050
18986319077
18031660583
13304614660
13832560825
13035251867
13933666590
13387532214
13914717407
13972043821
15128846379
18972660042
13703588451
15502292181
15897512493
18608601800
13626383456
13840234072
18323533588
13403014039
13704537329
18968328238
13705307188
15376100818
15945124856
13752285417
15645086677
13359991722
13483657999
13912969199
18032231448
15949842863
18843287570
18156778688
18603658295
13019949531
13394568583
17868806223
15004801299
15633091912
15614565813
13965754853
18772213500
13845210998
18669400989
13831024931
13804501300
13475546877
15393256097
15350655861
13722342312
13814343631
13752518989
18701273231
13927433686
13936534943
13304134901
13081882770
13930115074
15841857477
13972005072
18099061607
15632185685
13954185577
13389817723
15127092284
18222923200
13630810898
15174505647
18131266655
13277492548
17780916579
15230782612
13784263711
13323113331
13752553132
15130609106
13561548713
13403203131
13657187348
13566603403
13803206759
13351981088
15663802907
18134942138
13630811947
15264321566
18765851245
15030045558
18720299599
18145581369
13932136370
13853307918
13623200324
13733583680
13603216008
15271215104
13561591908
15230967546
18298990083
13284219108
18806410279
18764069662
13463549299
18649189313
15035465477
15154360118
13634932072
15822686576
15926998887
13931252505
13363088099
17736538880
13512095037
15864476400
13930400890
18772816640
13831125595
18745708461
13832256018
15053490484
13930153828
18303349530
13930190971
13784020655
13739773878
15028857894
13562075476
15846440003
15071571658
15846075151
13583303826
15671002461
18514593135
13357722952
15176129457
15265551167
13810610729
18132083179
13111315419
15204093478
18132098443
15725242761
13315981775
15512163181
15931202777
15531133206
13111503865
15840198387
15765113999
13853343209
13754516049
18503206210
13371565329
18603215265
13019018440
13951652232
18071319158
13371564072
15176849921
18641931913
15373919864
13832367415
13338167286
13933038306
13961946888
13502002385
13126183162
13796924346
13953689092
13132181311
13206527667
15853227790
19937091582
15333603942
17331724417
18661849970
19188273295
18797030001
18972510755
18771821161
13472172212
13612004179
13584095813
15169312667
13292811011
15097468527
13931196834
18745289102
13068002640
13503212735
13605359279
18002491601
13603215026
13932165953
13872817791
13945139003
13073127728
15830962850
13933135768
13085261956
18715639952
13297502308
15803315180
15066164527
15567511370
15133118808
13627196862
13931696388
18354304979
15946039676
18624313902
13998865918
13964410153
13315161990
15623177872
13149825338
15081716772
13833182030
13224603618
15075146968
18832471425
13905169600
15846069909
18040659376
13007038839
13930468659
13562312950
13120653115
13604805615
13733311212
13039029852
13726641519
18086070296
18262498797
15832179599
13303318339
15932690612
13936102640
13278217392
15832137182
15542272384
17531150919
18698803917
18348508494
15373828211
13694600776
13795083328
13472168566
15832466156
15827285398
18627016957
15268603697
13578545261
13831071852
13593721712
13614579402
13127423222
13582155614
17798110985
18691637906
13718079943
18653002885
13303317899
15831878310
15275776875
15833900905
13191804686
15830232228
13931176386
15303292602
13586755288
18671939818
13993777588
13387248966
13933521864
18704052471
15663380333
15032188258
15266775826
13673189466
13081020852
15522880806
13840557127
19115178861
18674184276
13871107218
13329803543
13971051388
15032122449
18265706796
13187445088
15230767631
15932128164
15871583336
15645268698
13231895056
18986814876
13604955958
15845035580
13363112510
15572283655
19930699696
13797865516
18243418444
15835910918
13393113922
13912986541
13604024382
18678834168
13593717385
13706379991
13972535707
18903399021
15272919461
13273108980
18752345872
15134617233
13242376876
13475089752
15027222188
13812820368
13930104752
15710307175
15703043190
15943069662
13630674808
13818564744
13941600998
13406154729
13935997520
13292748952
15100308589
15754510502
15570415800
15549172199
17720266111
15373457569
18202643713
18617582921
15827880608
15130678815
13997979991
13886724285
15522719411
13897971805
18622858090
13247235615
15128251336
13871721685
13223324873
13488572618
15705089829
13936200345
13895909391
15969980896
18154427867
15169322546
18951625761
13827661975
13955261777
18766988486
14791522952
18633075738
15130753577
13846635080
17326906114
13072086484
13933154088
13945991246
17671921981
15051317607
18353372788
18375718809
15607208159
13089162284
15614133341
13972650328
15103176977
13933333009
13633226863
13190098625
15222857155
13776395421
13836219582
15633249189
15926164843
13945876709
15542160625
13654149638
17531777075
13040965147
13372816656
13476390770
13502022227
18345061215
13337482922
15171777143
13833173535
15931204825
13284249985
15033170162
15561999779
15586996975
13872523988
18032282171
15832534386
13603249334
13483085674
18871910055
13582180897
15732555188
13383272913
17694471345
18171908890
13359683098
18298190116
17624049998
15826759817
18947420626
15145150579
15032555997
15035029857
13833156625
13898199586
13476225652
13395408089
18872569103
13827262098
15144461271
15532816697
15028181765
13997844639
13821041676
13972463318
19912157078
13717530537
18502617818
13251349333
18603114413
13609818295
13931118614
13006361301
15044253231
13784714165
15630863761
15533625803
15142661768
13573212468
17330049469
15932492240
13212909031
13477294139
15333292392
15130245419
13803334372
18322004130
15554371159
13297195253
15640465516
15230713854
13483058889
13261829269
15103111107
15539905699
18404401543
13733540238
15171722813
13367205988
17503227798
13872837010
18772911788
17713255057
18034022965
13930112863
13194525429
13303063709
15870870122
13971908555
13792766165
13845205670
15866252107
18833143737
15640084701
13230810808
15046172772
13864418548
15932581333
15897877678
15044166678
18222551165
15022771002
13722999381
13730153367
17692413914
13323046781
15831179962
15232412568
18727695772
13217285132
13944061314
18743221582
15716820980
13986339605
13814339736
13197242418
13920125999
18602407727
17333411333
15972697145
13770020918
15272279350
15256211470
15354253971
18086245008
15603279909
13247277097
15604028645
13916219835
13831195938
13820140248
18633941319
15671015793
15586468278
13813607907
18772312227
15612546198
13933159316
18272313755
13866090318
13832185111
13831184551
13700348161
18872008378
15997622896
15369123636
15504628517
13177099198
13704885087
18727322538
18132188485
13945867353
13094296649
18972511109
18345040385
15238567460
13664826206
15998735082
19371855923
13884850258
13722419537
13478814730
13838776046
13593762166
15802248485
13932125641
13803269642
13264782203
13552976373
15377698133
18348860604
13951035361
18957458557
15231121489
18171331168
18622946938
13197204168
13831140655
13218071008
13972281250
18781373105
13593643766
13933149793
15028042703
15132262901
13284598976
18654331726
15231157283
15094611195
13796015944
13355995412
15931161234
17792707116
15327603145
15926529804
13030004220
13932096826
13581325035
13561545182
15131119350
13604515565
13477960881
13136721344
13110046623
13059990907
13687208661
13673137003
15264319098
18071305933
13995751306
15127075688
13190067435
19932419931
13831258139
15803100662
18573775299
13796033961
15632319183
13375408783
15511276518
18995878986
18816082279
13666351972
15130316235
15030207992
13968476875
15930552715
15922117535
18332776865
13156842555
13857562112
13889246971
18986938669
18272065126
13582180342
15004284284
13366619117
13793251250
13865879804
18868598969
13561541393
15871121572
15971679279
13664615025
15271022803
13903285614
15031108520
13931125306
18631137203
18713138894
18603256484
13886707823
15640045266
13845285674
15710455368
13722780768
13854372246
13872569537
18885641934
13954536103
15506090939
18931156767
15831769901
15140041886
13836357061
18616775482
18674171986
13473238866
13617271690
13538200897
18739001173
13552968267
13387139889
15633317868
13796242939
13898856346
18730285999
17725529658
13784356220
13568795125
13273219006
13832087902
13469847928
13793391392
13635705086
13785131580
13930486381
13501015961
15727665207
13932178900
13171565850
18319031353
13886735937
18931268674
13383065336
17371714849
18730203990
13930145996
15586388268
17732109523
13303030756
13636082352
19971708901
13009700958
13487258566
13997658768
19933501316
18271253189
17671256979
13895749044
15997689083
15926197779
18458628558
13959216159
15222770560
13303508036
13770026968
13633217825
13373320983
13854093925
13605431614
15130493637
13313017698
18986320472
15931103475
18547006160
18833236017
13617192830
17195200365
15132157468
13941700198
15926532432
18358247923
13838472731
13582527538
15071296261
13227292933
13807032738
13381118079
13931219399
13932676096
13832389393
15572878967
13191886608
17771970739
18007287200
13648505864
13998123320
15075185805
13932164718
15831937433
15940154227
13718317918
15587944008
13271341271
15830906111
13784073628
15522081050
13724927634
13642159281
15133680969
15076330623
15531336996
15076759962
18067235276
13102896110
13125549160
15054332341
15004636754
18630133736
13364461299
13924327377
13180539952
15243024149
13767805691
17731188594
18727882036
13797625840
18632518615
15510885591
13197340223
18671170708
13078304015
13315954111
13993799626
18031131696
13705463930
13503256178
15571788687
18672654012
13663222211
18240417919
15697190306
15871115623
13463115063
13513401661
18908609628
18919544466
18727226951
13930495568
18772754859
13833392145
13032748313
13504018423
13673166341
13971937180
13940113523
18772829821
13276318048
13395409987
18879533438
15027145933
13235695655
18710565998
18120262829
15098083809
13797822770
18853006488
15129268939
15206560665
13832199829
13986215901
15203118989
19861069331
17692759122
13901124143
18344560465
15614119421
13035365699
13785815116
18071760021
15550268212
15998110663
13113038803
15030158202
13587398285
15392802009
13820227182
13061194697
13365907180
18722554866
15586999750
13513174040
15019379320
15146199899
13403370962
13273456896
15032439267
18345168697
15926967629
18822552000
18986006623
13720383252
15133504185
13280080368
13754003255
17627686703
15872663168
13986353072
15305406538
13606354879
13573074115
15971092545
13872766273
13679862396
17717172662
13897973028
15931263466
18271312181
18240430705
13833328689
13331328713
13932956649
13946361057
15075722436
15630710676
15835139284
13581550432
13629645950
13520898137
18372627303
13696300068
13851747368
15615270812
13904444871
13687276673
15930174612
15076272405
15266991292
15633039620
13035295169
13455449719
15076733997
18357443400
13953314499
13707205023
13032283929
15161970118
18254354356
15895550963
13986826935
13772073653
13586828972
18630191285
15588787649
13752222810
18369006969
13832336111
15972720665
13784401349
18622312777
13784617688
15854024000
13872578751
13618693271
18062379297
13094275572
13687224597
13102666592
18986828082
13997812811
13019003136
18761470197
18633805583
15571927142
13685850202
15072913311
15612717062
13730021128
15932218104
13483115390
18553062206
13472157433
13871684439
13040997170
15130087611
13193193427
17333434919
13780998680
13363847368
13716453803
18661587656
17798321584
13171989072
13478826597
18693765158
18630209801
18671470792
15052451533
13561517469
19986492619
15171094883
13507707855
13845285498
15033748908
13343551354
13954701796
15132713997
13582990386
13600002589
17871382202
13972204366
19931172292
18310529965
17736946694
15100857965
13133297705
13427228622
15369190356
13597909988
13582851222
15171679780
13513961677
18764562607
13972465521
13770054039
13807280557
13573501486
18608679520
17762552167
13857409923
15075201432
18646149207
15733367979
15172928488
13886831267
15064572788
13638666239
13367199378
13654055517
15327173350
15843680823
13797624715
13117227879
13636083878
18119387103
15932599953
15347126349
18971175745
15315328683
13132520892
13483269962
13705499246
18986796821
13597911835
17786219815
13872800838
13811538997
18231314004
18972496896
18816021388
13593752347
15640548254
15071806000
15127167228
15572259209
13797731263
15709252343
18365742619
15972725043
13904669179
13329394397
13972004691
17633303165
15172469277
15872713448
13905869091
18772961849
18946106467
13307207856
18986884966
17743786165
13473885662
13774179995
18932622098
13636224654
18240350187
13931191453
13811677466
15130925808
18033623907
15832247615
18730050678
15902280097
13933109749
18640076337
13582026363
15186815504
15842047778
15506613161
13946226567
13953072983
15091174990
17602214053
13754681629
18234072813
18302296498
15391608738
13846381346
13231794964
13581383542
13733536282
18371782219
13972467822
18069115518
19337718852
13377821003
13630141815
13563887078
13451492307
15897561897
13872691233
13930469000
13638692490
15315632876
13034622315
13986883190
13933004712
13803391534
13502059775
13774191858
16602402015
15132152041
15318287374
18986773110
13363753608
15392999508
17367695141
13811049562
13886659197
15863240298
13705477815
19871753340
13829289036
13662128220
15130189008
13872753148
18263146729
13111591396
13731482070
13986784509
15827512801
18285674486
18769129175
15872574466
13872570082
17371917357
15132260237
18962082244
13972038160
15572791596
13469861279
13502065819
18291561828
15081964239
18831852836
15571433772
18802438602
15327190295
15071895757
13813000889
15022547795
15032629702
13733537316
13012204966
13656665372
15872753181
13831937325
13181479988
15166577951
18152116715
18772870858
15888195286
15032672743
15758618932
17794320991
15961682778
15175171851
15993154763
18940098983
15865788123
13522254094
13508687018
13986303859
15586318416
15861976633
15964109293
13886840185
18934606775
13303017033
15011113006
15872691876
15907208773
13687102118
15965861080
13986942715
13472156757
13583029966
13454783716
13693613254
18953036377
13853023936
13931133133
13657191597
13250388911
15093043493
15872735566
15997566467
13465035858
13971199327
13390677662
18936316755
13733556122
13891109688
15997594087
13080815635
18031734786
18614248355
18748461681
15100806547
18672929358
18007222269
13582853228
15926985860
15804594501
13400320892
13582032700
18563915726
15226542289
15373423989
18003212172
18972080699
13477126963
15997569879
13392137208
13728538703
13886677956
13833466126
13563173311
13901226693
13872630602
13911008761
15989865816
13573095308
18502268709
18371936334
13920652568
18131421100
13593725935
13872754217
15392968370
13685893977
15572736373
13277259377
13831101617
18832274276
13001136400
15294944600
15934139269
13805846001
13465040175
17734293486
18972955926
13636181211
13972503669
13315981000
15926987296
13455452175
18066869756
18641686887
13739666067
13845389388
13520762351
13674515655
15645935566
13283224422
15264190765
15872674840
15337350021
13657259691
15807155780
15172281271
13934046890
13085269223
13872647769
15803285599
15539913327
13872776885
15871564281
18237665269
18210866180
13997744433
18571012600
16604460912
18972562949
18284573369
15967466625
13477444934
17710321933
15201256146
15027793218
18372692698
13770734558
13508676568
13854311426
13465606060
15622727818
13589740824
19371367867
13857518227
15971128672
15176910388
13886662425
18071946413
15072229420
13932283987
13135883282
15931060407
13872505120
18671979700
13618697086
15872332268
13323275266
15832179658
18603115884
13589568231
15075225889
15636306071
13972452585
18253040076
15997822193
13191072079
15074234149
17852326203
15872484658
18703632882
13355992845
15872392689
15926456926
15997549713
15631165695
15376117286
13674780265
17671355533
15727288188
13395333619
13566568513
15533729795
13853092877
13871871980
13271762821
13986078184
15832108342
13597885002
13986912243
18772967146
13972213976
15572090829
18204600798
13886813899
13573005028
13384871145
18067281459
13986884756
17731149476
18344406049
17709627532
13363871989
15342839997
15047240664
13566051295
13907281666
13429966649
17601555769
13631460068
18671866276
17732921735
13872519555
15266749414
13724821996
18738051691
18031860613
15707289117
13111093337
13593724528
13891176032
15697197663
15554345212
13933153257
13801227685
13784262939
13715530150
13872841187
13641225508
13951614777
18986819806
15620737014
17305525187
13691309793
15997603135
13476399658
18003308663
15065345669
13770604400
15387276422
13630812299
13785109153
13258532980
13992550039
18800968537
13840326857
17331701985
18299369665
18546652678
13451240990
13907283510
13972502979
13926360044
13117102630
13522074480
19892548879
15040207716
18696300249
18972212609
13177469669
13986836933
18265800889
13259780960
15897883866
15997244652
15614141888
18120500079
13558717300
18712868568
17332688121
18033852658
15022007886
18654380859
13872577586
18067164063
18871074966
18332019519
15098079821
13784333678
17280293143
18034334003
18696872758
13986793524
13673154643
18553756128
15831250268
15546640365
13581381131
13898146837
18931188149
15210756345
18031928706
15351753999
18672078090
13045438517
17614783577
17662744677
13500698584
18251375467
15944311699
15920200608
15171905941
13338634780
18032289860
15653027536
13922123403
13923191292
13180482021
13851122882
13503214402
15931185207
15148299812
18772892202
13011595262
15950737422
15164192018
13303576719
13823465938
13116132278
13906625538
18986809520
13274512159
18227602730
13387276866
15968899522
13831194708
18671443828
13687293510
13477194664
13936839537
15319858008
13477309968
15258278287
13306646122
13986890303
15046205864
15972585132
13687201162
13872586889
13821540137
15566117173
13505151583
15046840584
15940566889
15549944134
18832596253
15518927681
13972505856
15550233498
15258248882
13213742319
15245798095
13308559191
18202567472
15550224121
15175596641
15876010668
17370296007
13704460557
18563796318
15997668768
15542059587
15717202028
13792250614
15872527638
13070619778
13555555690
18245171368
13521688033
13188237730
13513310396
13956700698
15133165708
13986445799
15524085857
13029704235
13936497316
18903372776
13377872721
15532190621
15010019033
18640452352
13085163950
13651547637
15342322263
15066470084
13371199143
15704314459
18754550836
13473241398
18240219802
13074529283
18863753514
13785767778
17531177639
13933983825
18207274328
13163197372
13931340071
13971226776
13997835476
13871716593
13723901557
13227532357
18707202085
17766705884
18630717218
13506428860
13872947706
13176886032
13636147715
15258208837
13963080660
13871778825
15954731878
13796718798
15629318769
18850292691
13171593114
13343031879
15898715085
15172604635
13315460887
13583070068
15206319458
15227527326
13972100325
13920985343
13126181809
15898709685
18607123095
13958240703
15827948410
13179187159
15831161936
15227513262
13820809533
15990963732
15671016988
18865000056
13388062859
15872723681
13329511085
13703953629
15930509798
13997952138
13171556766
15131427694
13869048558
19872068826
13081693986
17832613913
13165333587
17769672996
15831550765
15327244518
13582755799
13614574877
15564344319
13477197701
18863001518
18752915777
13972491430
13391656526
15246012999
13871653038
13297173949
15727192757
15805109623
13731174742
15272216879
19930728687
13872786039
15397926577
13872830824
15946727922
15553088909
13613399336
13032771237
13260610817
13287873410
15900208407
13627210274
13212877846
13939653615
13485283229
13687280379
13643153510
13506439587
15620853188
15668523218
13472100339
13517130079
13393038051
15833979996
17860259137
13483908642
13700045278
18822085680
13654458232
13216839319
13562190896
15168530025
17771027716
15342719177
13997721082
18671909456
13643212650
13845776247
13972468674
15953477781
18251451443
15549348577
15872522365
13863145638
18853099718
13324052156
15081876272
13986887160
15771090997
18698849321
13803366370
13389907831
13972533487
15858451556
15106968781
13231155276
15991332118
15895143559
18940211157
13863019938
15671204866
13687292079
18603119560
15258117591
13065862345
15586298910
15098978537
18627134365
18673085784
13872990813
13976829286
13677173485
18524533946
13630608266
13711397621
13733890650
13559271569
13356205001
15171363535
13517226267
13227506926
18622268297
13963159350
13872624210
13136623637
13805360911
15943101388
13061200389
15334043605
13945171629
15997688261
15872949662
13972450594
18332143941
13065816488
18071169829
15327125778
18173842186
15671729670
13843477078
18348668903
13614644672
19871245888
15963071826
18698861010
15797185278
18614286834
15007209003
15072943141
18814579260
13898098966
15990596619
15717805732
18907281058
15734129586
13951498599
13635717276
15007209879
18364459861
15971650880
13085156115
15042122964
18860278959
15004624532
13669180587
13936500305
15100175263
13521407885
18145625711
15927776891
13871715925
15972803060
13591902407
13697108108
17791230598
17762582268
13359827272
18004698433
13940004370
13581382477
13796250723
13986370199
15075166104
13582978636
15671035980
13094171234
15522200217
13969596771
15307274888
15068134166
13111567947
15171076236
13948251177
18622422053
17768137232
18604500208
13663370872
18986374972
13700319856
15171020716
13255300057
18326798377
13593710488
13397289237
13636170060
18551702476
13636234906
15826694517
15271958946
18871906345
15148583883
15072528990
18571815593
18071156555
15727213472
18371228793
18595969244
18932906641
13217818413
13872806367
18071168426
13845798227
15376102778
13181876564
13864480983
15826531721
15028005141
13322461132
15072223818
15369951803
18632178898
13845463155
13731144298
16663109281
15076124691
13803212643
13042563326
18032025804
15668503638
18516129700
18053032018
18007285412
13730468189
18764198191
13512521334
15545029586
13207262767
15057346966
13636174834
13910419987
19103400500
18246275723
15373159743
15822574694
13806666012
15619969777
15006508309
18195801761
13731192826
13406826942
18672689096
13605784553
13315157844
13352082786
15036236939
13951671113
15926156984
18772862726
15832488482
15847268311
13477938470
15154221875
15271436349
18930488892
13986684987
13310561908
15172055096
13512063001
13840238468
13582173548
15164640399
18972533557
13264793233
13953028589
13889286677
15920032474
13206765863
15586999822
13473741600
15272127321
17339195112
15827053927
13238498811
19171275386
13091217880
18671673447
18393518346
13635719351
17334439191
15245099500
15140095570
13329424755
15971856533
15631108114
19971081042
19107228823
15533982371
13514603095
18540376107
13327986706
13832183125
18696307026
15272179446
15373908512
18729502107
13575990497
15081378949
18132274492
15165813183
15069451551
15911070587
15603119552
13307201133
15500075876
18866358851
13656883477
13285359959
13872794639
13797838897
18945041677
13636205361
13971026973
15030539583
13932157907
13085265567
15131622731
13373578869
15001371994
15822217560
15134449776
13961397652
13986742189
13134423491
13606355639
13832520965
15366132416
18764357908
15800632072
13884861219
13932110931
15944178561
18642085997
13483754619
15955257901
18053778999
17771132568
13593772509
18746829978
18986882019
13011448392
18972486000
15522798266
13305160289
13513441788
13766550820
13367107655
13593765211
15865818363
15010716261
13697202358
15044569889
15569651068
13718810899
13368309898
15642344777
13031597165
13593749978
18923196218
13520101816
13970258958
13895739045
13780555728
13689693843
15377266726
15532581159
18545541538
13797580805
13582331846
13936691548
13898107334
13731654443
13504620380
13384511444
13125025808
13478128561
13503868759
15071578834
13062544978
18505306108
13581043167
15383316260
13251504012
13815857112
13410188884
13933095225
15872700956
13971920989
13001885636
18995934899
15004615275
13997820049
13292826307
15027724308
18672936733
18678738829
13618698935
13933295194
15872594983
13971890665
18807283767
13367916559
18830868190
18635595073
18172931627
13277197896
15072232416
15327958900
13173285848
18972464363
15964351180
13259225936
15901319270
15244531419
15230856598
13886918845
15522641875
13258680220
18772860955
13872581706
13012147593
15997286496
13945288125
15926175602
18093736897
15997822925
15373802518
18936647802
15707286334
18032777351
13986358452
15927361746
18824296786
13383218501
15391572419
17608051895
13317295941
13593159379
13575645947
18672856227
13076863489
13886838536
15314233505
15997526496
15185671555
15633533279
13804689534
13986816286
15972728091
15570616165
13504530775
13986881529
18332360569
18671968507
13971909426
13068026001
15185861636
15146738019
15552048291
13930276622
15046810775
13315976681
15685563796
18622388044
13657179177
18908559828
18304333019
13111567338
15634335498
15838841925
15806707837
18931507800
13156839172
18932604171
15629300647
19941417125
13297173588
13995501911
18932905737
13351419159
13613312887
13132010790
13315983458
13953227138
13864356836
15633295229
15832326663
13388097928
13390133708
15872558186
15342299307
15175790921
13483666878
15838923706
13971928152
13971935399
18196636805
18071307508
13703116477
13642001318
13477174303
18993955372
13984993205
15171385858
13473759066
15171555739
15968070364
13636225898
15653873201
15971670691
15302179236
15231610758
13545627226
17736181546
15258132359
15032645376
18671748068
13833136788
13252273668
15392875292
15871378151
13664070808
13507271660
15500166803
13633310788
13589591502
15871046800
15613318112
19193531314
13636221587
13972282859
15630101656
13602089778
13363122828
13821329745
13591866683
13887298156
15153250915
13477105741
13831120378
18830122325
13476306667
13662872384
13581388699
15227146999
15541349599
18958239179
18727279669
15533591588
13001758209
15387017277
15071738388
19943474193
13957806006
13367193091
18209477311
18669364928
13884866822
19803096868
15231150506
18322324578
13687209111
18131299211
15512126731
13509180388
15354151931
13886338594
13132175684
13947981199
15926560256
13933864827
13934415611
13820966367
13235687777
13820811173
15922150029
17662728601
15195642463
18640140228
15171761885
13437167981
15235390087
15369281178
13831702556
18403824358
13477197389
13931225182
13606359720
18744490806
13204130515
15971075762
13777408693
13752368210
17519322788
15044433788
15971902067
13195350101
15327431345
18671182786
13832323950
18807288155
15271397382
13277481822
15071750025
17822133631
13633835512
15075559650
18371003353
18630155081
18772867261
18103369185
18903216758
18272269285
18931101717
15054258058
18872564967
18963906669
15897966501
15666647068
15047934635
13597879695
13028611685
15504139060
13424289776
15930530604
17732307665
15893397037
15266413697
13722592911
13836013664
13180475581
15054701985
15931087599
18327583350
13341798977
13503295288
15932011105
15169944265
18722272042
13997682431
13019390126
13477856146
13477309277
15114567875
15058092899
13307222330
18972050487
15383407863
18231656191
13113380508
15031861678
13235636356
15224219998
19949331399
13593755851
15165908199
18672877919
15502412778
13257296665
15871158702
18602776978
13869087755
13933077084
15633972283
18772224447
15254733697
15103876607
13972281311
14703311209
18853006650
17585252373
13277231151
18254031399
18366721865
13691572899
13669091317
18931496395
18620362061
15822738444
13040951525
15864954711
18379159216
13563109747
13971258161
15668888008
18995790149
18853053808
13073167326
19917619812
15072235778
15106730149
15176350271
18008227997
15872621231
13932592542
13477297700
15586981049
15605827330
13985181466
13831565581
13258028808
18633869696
13958216383
13971410324
13177339089
18331290099
13507270303
13561896577
18671916811
15927227668
13655195707
13538136862
13796861990
15849851598
15908979729
13797734293
15303315375
15872574332
15926948672
13066686862
15242918585
13597851336
18223007335
18071774163
15609819862
13886824288
13870689912
13613200221
18330096879
13937601161
15971919797
17771840532
15571973611
18290097233
13886295497
15997595643
13972013781
17320677560
18972937021
15822564600
15176181808
13048972099
13735740966
13516250368
13227606003
18837761233
13636202936
18607282777
13513636921
13717941435
18672189551
17736913617
13986867706
13920652750
18503266399
13872547792
13969575534
13339786420
13593719728
13904528343
13966084927
13807218384
13587583969
13507111706
18631149139
18609273721
15558270766
18333278787
13871778693
15040032733
13951601495
17671630653
18932581139
13593746876
18132180777
15972580010
13963252778
13797622312
18913952282
18174127667
13040989940
18746483558
13633315788
15549488264
15140029722
18366206827
13732356131
18526286418
13872668168
18300736288
15871102293
15971883476
15972562666
13597909599
15071731577
13986243052
18319775923
13606472687
18107200961
15015823375
13886706421
13889861078
18620447333
18717132932
13308666252
13324445353
15647969463
13842076507
18872586887
15763547880
15832162317
18985418338
13264881351
13583164448
15832119489
15869369605
13125405279
13035374899
18671750070
18979118036
15271377343
13615430155
15972467927
15807175907
13516080270
18032289337
15810061715
15532166990
18763525355
15172958657
18003621329
17645760886
13831167248
15872293992
15233131827
18615301298
18744391919
15586951276
18727073462
18507276100
13986878335
18346244921
13886802937
13582295785
15033604278
18713779508
13840708213
18920181066
18700767287
13519737400
13940349258
18771530032
15832334611
13987291100
15071786610
13035251366
18995885050
13872767203
13997996613
13904136157
19181682963
13804989493
18771839395
15924305658
13930476055
13851469004
13231111705
18672399616
13986884535
18271300970
18202201305
13907271286
15571192105
18007328722
13930816798
13085266828
15854311429
13476344270
13385306070
13582243265
15531958076
13971906738
13806766313
15872955158
13957847799
13056802691
15032251659
13697286580
18034215803
13561545924
15127078924
18753327702
17325328968
18522376153
13391575415
15307137931
13098493510
18033837069
13826953613
15226783211
15022006800
13971340315
15544559981
18403320843
13872486693
13872650127
15014949441
13956569926
15268416183
13864007815
13306013903
15549899986
13636194374
13512271336
13023710996
15945786789
18266968795
15122776213
18371971226
13951473238
15065443791
15898842902
13843395301
15572282806
18003660311
18933398622
15571985638
15501400588
15032694226
13450389150
13882148318
13372499181
13477148132
13535690316
18763092008
15965817160
13359750375
13847788323
13995727751
13562757118
18164509532
18032598132
13597465231
18758307758
15562706255
13212182723
13593725865
18053088269
18164121313
18107196879
18040237505
18956370931
18622793315
18071885999
18663109281
18631122720
13475454132
13709858574
13706530801
15148249899
15871933896
15872203361
13821279296
13147457546
13287816616
13615401116
13555079159
15163114334
15071824198
15027436909
13618691711
13329873925
15570626074
15071079741
13845042618
15834910122
13998852628
15942699757
18071561050
13972135049
13197321551
13872932629
15897830612
18346252118
15840216150
15063160995
18932251377
13349926428
13785139743
15045389510
13846299983
15832190047
15671189801
15171368115
15510649899
15872703439
13560248948
18031861512
13722798244
15545670788
13371259664
13227267061
13707270156
15114525319
15824277872
15171369384
15930226716
13227261986
13766802211
13245378167
15327192278
13355956803
13754481659
18133847027
15253712759
13363805614
13722230022
13277940253
18332207929
15545967256
18612377604
18671768807
15922091232
13046446525
13766682489
15529622268
15382115197
18772239277
15602030683
13697198743
18704061072
13317293131
13901585608
13616589639
18632579715
13614790135
15725901718
15342859351
13508602530
17645189756
13367187088
13035366301
13306681546
13841656203
13792860683
13832734513
15898543712
15198520760
13971600444
15972729995
13477002187
15871125523
13905405552
13905103115
15377269996
18946215196
13936637305
13972508553
13030051588
15232119911
18032011415
13308568982
15971880996
13636188529
13582335524
18986882902
15998843820
18853545497
18545205681
19986639698
17688605927
15206725812
15845637259
13945119965
15130279000
18931079925
18807281718
19989929604
15254103731
13514610259
13931514850
15832136380
15032598670
13502245997
13943208815
15071729088
15030203016
15623465133
13796865840
17367612768
15958998881
13636186880
15871096281
13292535798
18346028456
17720482597
15019632008
13359701690
13951694999
18931877718
13522329108
18031209788
19947563624
13797474346
18632157339
15872492089
18716098396
13583338174
13889191505
13125097671
13197244290
15327963208
13779311306
17367689256
15872488892
13866067088
15871565889
18871637534
18723298140
18518752158
18571556166
15549378955
18866636449
13831079849
13562198590
15022594007
13623373631
18032307410
15572807161
13607210128
15075156087
15817247329
15072335242
13907218801
13383266206
13769489183
18722285351
13227587827
15100191899
18772815223
15986155962
13868009887
13758950251
13636269094
15151006956
18972138872
15389157029
13483688320
15232522305
15867286439
15382442782
13582957343
13886826060
13604024808
13831195572
13403369487
13040979802
13871602637
13797937208
15822575349
18563120658
13593777538
13871616973
13047057603
17662728873
15002266103
13677100332
13995799199
18771139724
18622512949
13872866513
13072229066
13149478286
15372655207
18049076812
13777250538
15337136317
18773396854
15308044507
15692233919
13930455976
19931460119
13845146184
13647274371
19945099413
15907282168
13339717626
13197169849
15845689825
15826474019
13103310991
13902133385
18872039495
15081135552
13597905696
13607032086
13933725811
13566575431
15954304734
13807223285
15572758523
13972179027
13910012885
18151388959
15620765123
18618411360
13872815778
15350660328
18671048827
15070311253
15260902899
13807179488
13986919587
18972006002
13477752290
15945117567
15971918202
18660930658
18070205232
13936227810
13561822073
15071606816
18672162079
15291520318
13502141923
18695062003
18954075061
13931898734
17092676688
15531283352
18972495968
15272194896
13722869877
15571121864
13972494265
13920677829
13997707986
15867840682
13688654898
13401777569
13247266055
13863104089
13803372319
18968284876
15823143196
17348120889
13797601201
13780008211
13292522896
18131196002
15373070409
18830769916
15072209842
13487153746
13597897557
13840076997
18522498055
15171896808
13177029116
13840438419
15397085856
13940397377
18367439443
18213698702
15350857926
13797667618
13871635129
18204630331
14704653376
15663368577
15030580890
15353270038
13860342085
18091710170
18568696777
18986913885
13946167898
15237185053
13847904455
18671176529
15307273905
13905431482
15926666392
17554398220
17753008089
13370685768
18071900974
15307105329
15586927322
18913923187
13936139809
18332787394
18263520290
15871613033
13797988596
18722247900
13477840222
13872488424
13930194363
13732191808
15997523767
15912880688
18008605295
13972347229
15045164178
13582656941
13593768266
13504999749
13597478897
18770513622
13871616105
15831570589
18561141625
13907265592
18888717268
13635700678
17732811049
